60204,340738802
8110303,340726059
60902,340737450
60904,340755775
60902,340732513
60906,340768771
60906,340735743
60901,340770807
60902,340760217
60902,340706359
60901,340753997
60901,340750145
60902,340743176
60902,340743749
60901,340722727
60902,340774566
60901,340738591
60902,340775246
60901,340767756
60901,340748828
60906,340702772
60901,340721468
60902,340723850
60901,340704183
60901,340698512
60901,340704969
60902,340697733
20132,340736438
60906,340757398
60901,340759503
60901,340761912
60901,340763110
60903,340763153
60901,340738767
60901,340727090
60903,340733206
60901,340708677
60904,340753885
60901,340776662
60901,340723921
60901,340763719
60901,340742082
60901,340749042
60901,340749680
60901,340728659
60901,340732283
60901,340750519
30403,340707904
70601,340719575
7010102,340432775
40404,339819737
31505,340728055
508,340588092
31505,340728455
71103,338575549
50502,340642805
70601,340446835
8020603,340767437
50801,340742532
8020603,340746730
51003,340650027
50502,340582769
31505,340724260
31505,340724054
102020101,340719246
102020101,340756423
40305,340231960
8030401,340604971
7010103,340772851
60801,340702017
70304,340758286
70126,339329808
111605,340695495
80208,338624010
71104,340742927
71101,340707722
6130105,340700222
31302,331051880
8050103,340735838
8050103,340660467
70118,340549007
102020101,340687009
50503,340731540
31501,340725383
70701,340725818
9020104,340740304
70126,340407732
11080301,340712907
8030401,340740790
8020304,340706498
50803,340664774
1117,339486892
80510,340552404
8030401,340765712
70601,340464668
50801,340742024
71104,340331629
701,340665370
70126,340563847
6100103,340704783
70601,340733607
71102,340733340
40405,340735508
30104,340737586
8050104,340706176
10010405,340705011
110411,340625687
70102,340679374
70111,340703337
7010106,340716921
8030104,339981289
110812,340725157
7010102,340710103
71105,340645034
50104,340211075
31501,340734279
71102,340689450
9020103,340696238
70601,340667703
50801,340742230
80105,340734798
708,340706730
705,340741594
8020302,340742305
70111,340706496
9020201,340249449
80301,340669840
70126,340076519
80301,340663938
5030101,340664191
8030204,340768106
8030401,340706619
1003,340663656
11080505,340740130
70401,340709723
7010102,340673988
70701,340718289
902,340663906
13050603,340752399
70403,340674709
110408,338782459
70205,340697343
1303,334775132
8030206,340714781
9020602,340699309
706,340679877
111608,340755367
7010106,340748911
7010106,340697803
80301,340664463
50801,340213145
70111,340701359
70111,340707178
70403,340749050
9020103,340710044
70111,340698565
7010108,340739753
50603,340509429
9020103,340736947
70601,340676589
110502,340732076
70602,340768826
7011402,339374545
70701,340772894
7010104,340705662
701,340723835
80209,340748688
70111,340701378
70111,340705632
5030101,340648310
8030102,340706633
70111,340714906
70111,340721740
70307,340569137
70111,340685151
70111,340682398
20703,340711974
70101,340691902
70307,340364574
705,340708220
70115,340699677
70111,340699340
8020605,340744707
8020209,340714367
70111,340708470
8020603,340675782
11080505,340706040
70110,340703550
61303,340748195
70107,340729447
70103,340674584
70108,340703369
70107,340710801
70108,340695135
31501,340707986
80101,340709329
8020607,340756409
50803,340772031
70601,340730676
8020205,340578262
20703,340426024
702,340682210
7010102,340709823
50601,340753201
70403,340731691
70104,340719987
70104,340687313
7010102,340769080
40610,340723555
50801,340676712
80502,340723088
8020304,340725573
70101,340722316
10401,340731898
70601,340732252
8020603,340773759
8030401,340771462
40607,340615388
8030402,340774090
70301,340716859
50801,340708333
70601,340738995
70116,340573918
70403,340630053
70309,340655346
8020304,340729994
70402,340534817
8030402,340654488
71102,340502328
70104,340715826
70701,340775280
7010101,340746352
110307,340756477
80101,340270481
814,340701375
30510,340716656
30208,340726530
70101,340539752
7010106,340727108
71102,340506747
7010102,340711796
70301,340703575
70112,340460385
70306,340716136
70111,340688105
111002,340715871
8030206,340770338
70111,340688105
70111,340704002
70111,340713662
90204,340369283
7010102,340564866
70307,340460171
70101,340708970
