31505,341080113
60903,340429207
80102,340671502
60902,341121175
60902,341117143
60902,341119021
60901,341119178
60901,341119254
60901,341089379
60901,341109952
60901,341105498
60902,341118197
609,341087950
609,341065827
60902,341069190
60902,341064922
60901,341102288
60901,341071866
60901,341112171
60902,341073321
60901,341079994
60906,341110712
60901,341123209
60901,341070901
60902,341080841
60902,341116605
20901,340606806
60902,341066023
60901,341120196
60901,341108754
60901,341109631
60902,341093257
60902,341114185
60902,341108749
60901,341112950
60901,341106735
60902,341089730
60901,341113679
60901,341066269
60901,341070524
60902,341104332
60901,341067421
60901,341094932
60901,341100203
60901,341105272
60901,341097645
60901,341085412
