60204,340738802
8110303,340726059
60902,340737450
60904,340755775
60902,340732513
60906,340768771
60906,340735743
60901,340770807
60902,340760217
60902,340706359
60901,340753997
60901,340750145
60902,340743176
60902,340743749
60901,340722727
60902,340774566
60901,340738591
60902,340775246
60901,340767756
60901,340748828
60906,340702772
60901,340721468
60902,340723850
60901,340704183
60901,340698512
60901,340704969
60902,340697733
20132,340736438
60906,340757398
60901,340759503
60901,340761912
60901,340763110
60903,340763153
60901,340738767
60901,340727090
60903,340733206
60901,340708677
60904,340753885
60901,340776662
60901,340723921
60901,340763719
60901,340742082
60901,340749042
60901,340749680
60901,340728659
60901,340732283
60901,340750519
30403,340707904
