31505,341080113
60903,340429207
80102,340671502
60902,341121175
60902,341117143
60902,341119021
60901,341119178
60901,341119254
60901,341089379
60901,341109952
60901,341105498
60902,341118197
609,341087950
609,341065827
60902,341069190
60902,341064922
60901,341102288
60901,341071866
60901,341112171
60902,341073321
60901,341079994
60906,341110712
60901,341123209
60901,341070901
60902,341080841
60902,341116605
20901,340606806
60902,341066023
60901,341120196
60901,341108754
60901,341109631
60902,341093257
60902,341114185
60902,341108749
60901,341112950
60901,341106735
60902,341089730
60901,341113679
60901,341066269
60901,341070524
60902,341104332
60901,341067421
60901,341094932
60901,341100203
60901,341105272
60901,341097645
60901,341085412
50801,341086708
60216,341091711
40306,341068326
9020107,341066012
8020501,341068991
8020603,341128150
7010102,341099647
80503,341097391
31505,341029782
70602,341063064
8030104,341062959
814,341097077
7010102,341052633
70601,341090599
511,341092658
30313,341073726
110812,341094398
10402,340838345
8020604,341081807
102020101,341104456
8010501,341017034
814,341082884
31505,341067627
70305,341092826
708,341092002
70109,341092581
8030401,341118340
50801,341091061
70301,341092692
3120101,341095499
71105,341093931
40402,341053042
70104,341067044
31501,341072501
70309,341092118
40601,341098311
705,341092166
70403,341089791
70305,341090300
8010501,341090044
50801,341086371
70305,341093050
50801,341087310
70401,341091869
50801,341087203
70102,341055771
7011404,341066013
706,341077666
7010101,341085050
80503,341093038
71102,341018881
5030101,341052549
8020609,341068975
6130105,341053031
70601,341095912
71105,340751846
7011403,341108753
7010102,341095322
50502,340929302
8020603,341083111
70304,341103713
7011403,340789097
7011403,341070484
7011403,341083136
8030401,340979535
70109,341113641
30702,341125980
8030401,341104000
70701,341101005
70126,340674177
71102,341067411
71102,341086566
70701,341105903
31501,341095125
6100105,341086734
50803,340923944
8030402,341057482
70302,341124867
70304,341102226
8030401,341049908
8030402,341103058
8030401,341105459
9020103,341047267
70204,341066559
70103,341070459
7010102,341042183
7010106,341046913
70119,341029890
70403,340999106
707,341063877
60206,341067304
7010106,341062269
70114,341052362
7010102,341064426
80304,341106479
71102,341060440
8020603,341113965
8030402,341097014
1112,341065119
31103,340982659
8030404,341049384
80304,341095206
8030401,341093099
8030206,341043872
9020103,341062793
50803,341124668
70307,341105117
9020103,341084385
9020107,340973838
9020103,341064443
8030402,340733444
80510,341098686
902,340987992
708,341081924
9020106,340733856
8020606,341073355
70601,341076177
70307,340999052
70111,341030745
70701,341122914
70701,341122461
70601,340960075
70111,341073298
5030103,341017552
70304,341102614
71102,337481478
71102,341075434
31501,341084929
50502,325076395
11080103,341069657
70601,341022308
31505,341078504
8010501,341101127
31505,341026852
70403,341064833
80107,341116403
506,341116698
31505,341076862
20901,341055904
7010106,341079061
8020303,341094427
7010102,340964987
8050105,341054606
80201,341114940
71104,341089812
30702,341109376
3031101,340849145
80403,341066355
80107,341067776
80107,340523797
110407,341111111
70403,341073938
7010105,338934118
70117,341115822
801,340374412
706,341094018
8030206,341064978
7010102,341061560
80503,341060193
90103,340110269
816,341093253
80504,341102573
7010102,341122069
61303,341085819
70204,341058548
8020605,341077950
80510,341115507
80209,341060015
80304,341042032
815,340938483
706,341072273
3031002,341088531
814,341095481
8030401,341086654
70101,341094091
70601,341081480
8030401,341117656
9020107,341108810
8030401,341081497
71102,341094395
111607,341065899
80604,341074098
50803,341109914
80304,341065212
71102,341100079
70304,340682200
31501,341058089
7010106,341030901
7010102,341052041
70403,341023784
70307,341018775
8030206,341010376
70111,341053915
8030402,341094964
7010102,341052740
9020103,341063825
9020103,341074499
9020103,341082955
9020103,341098655
9020103,341089670
50502,341066201
8020114,341014901
80107,341012191
8030401,341091882
61303,340884227
70104,341059199
80503,341088248
70111,341058800
61303,340961506
61303,340960336
80101,341064950
80209,341054596
